0.4 5 0.04211 0.05398 0.04211 5050947 3711233 4307734
0.4 10 0.03548 0.05147 0.03548 5144528 4298074 4884313
0.4 20 0.03532 0.05138 0.03532 10085593 6404548 6033847
0.4 25 0.03532 0.05138 0.03532 2555661 2972850 3903828
0.4 50 0.03532 0.05138 0.03532 8425289 3472149 4113932
0.4 100 0.03532 0.05138 0.03532 6009697 2316577 6701592
0.6 5 0.0428 0.05546 0.0428 968410 113504 202859
0.6 10 0.03625 0.0515 0.03625 255385 199841 377945
0.6 20 0.03597 0.05137 0.03597 699743 383983 582013
0.6 25 0.03597 0.05137 0.03597 910451 871207 705177
0.6 50 0.03597 0.05137 0.03597 1491255 933997 1263642
0.6 100 0.03597 0.05137 0.03597 3540976 1954329 2341934
0.7 5 0.04279 0.05612 0.04279 134032 109882 215538
0.7 10 0.03704 0.05153 0.03704 284969 305495 461867
0.7 20 0.03667 0.05137 0.03667 508355 376738 604350
0.7 25 0.03667 0.05137 0.03667 895961 468507 687064
0.7 50 0.03667 0.05137 0.03667 1163420 932789 1244322
0.7 100 0.03667 0.05137 0.03667 2300880 1796751 2366688
0.9 5 0.03649 0.05825 0.03649 133428 110486 208293
0.9 10 0.03257 0.05159 0.03257 271083 213727 362248
0.9 20 0.03249 0.05138 0.03249 755891 705176 889319
0.9 25 0.03249 0.05138 0.03249 866377 467300 722081
0.9 50 0.03249 0.05138 0.03249 1483406 1239493 1520234
0.9 100 0.03249 0.05138 0.03249 2811650 1982705 2360651
0.4 5 0.05331 0.09601 0.05331 213727 211915 209500
0.4 10 0.05068 0.09173 0.05068 253574 201048 343532
0.4 20 0.05061 0.09155 0.05061 500507 376739 578993
0.4 25 0.05061 0.09155 0.05061 569334 469111 688271
0.4 50 0.05061 0.09155 0.05061 1743017 939430 1279943
0.4 100 0.05061 0.09155 0.05061 2250165 1799769 2382989
0.6 5 0.05451 0.10163 0.05451 211915 196218 315156
0.6 10 0.05071 0.09179 0.05071 404511 398473 562692
0.6 20 0.05059 0.09152 0.05059 736571 680423 752872
0.6 25 0.05059 0.09152 0.05059 903809 478168 729930
0.6 50 0.05059 0.09152 0.05059 1426654 956335 1253379
0.6 100 0.05059 0.09152 0.05059 2231449 1802788 2517021
0.7 5 0.05498 0.1033 0.05498 146107 109278 217953
0.7 10 0.05073 0.09185 0.05073 337494 240894 400284
0.7 20 0.05059 0.09154 0.05059 510770 380964 589861
0.7 25 0.05059 0.09153 0.05059 624879 503525 777022
0.7 50 0.05059 0.09153 0.05059 1807618 1491255 1270284
0.7 100 0.05059 0.09153 0.05059 2536341 1860748 2380574
0.9 5 0.05452 0.10179 0.05452 155163 115315 297648
0.9 10 0.05045 0.09197 0.05045 267459 213727 417793
0.9 20 0.05032 0.09155 0.05032 460056 383983 601935
0.9 25 0.05032 0.09155 0.05032 900791 796342 1049916
0.9 50 0.05032 0.09155 0.05032 1814863 1886709 2276127
0.9 100 0.05032 0.09155 0.05032 2244731 1796148 2361858
0.4 5 0.06172 0.10476 0.06172 145503 135239 207689
0.4 10 0.05734 0.09955 0.05734 373719 377946 518015
0.4 20 0.05729 0.09936 0.05729 494469 417793 586238
0.4 25 0.05729 0.09936 0.05729 873622 472130 706988
0.4 50 0.05729 0.09936 0.05729 1275114 921317 1265453
0.4 100 0.05729 0.09936 0.05729 2267070 1907840 2517625
0.6 5 0.0541 0.10381 0.0541 200444 198029 303081
0.6 10 0.05039 0.09963 0.05039 387605 362248 511978
0.6 20 0.05031 0.09934 0.05031 522241 388209 577786
0.6 25 0.05031 0.09934 0.05031 590464 464885 699743
0.6 50 0.05031 0.09934 0.05031 1150138 955127 1258812
0.6 100 0.05031 0.09934 0.05031 2334690 1799166 2378159
0.7 5 0.0546 0.1033 0.0546 133428 130410 219160
0.7 10 0.05908 0.09185 0.05908 383983 374927 527071
0.7 20 0.05894 0.09154 0.05894 789701 630916 842831
0.7 25 0.05894 0.09153 0.05894 625482 464885 694309
0.7 50 0.05894 0.09153 0.05894 1168250 919507 1249153
0.7 100 0.05894 0.09153 0.05894 2194017 1932594 2353406
0.9 5 0.05905 0.05825 0.05905 154559 127994 209501
0.9 10 0.05078 0.05159 0.05078 261422 202859 351381
0.9 20 0.0506 0.05138 0.0506 943656 472130 585634
0.9 25 0.0506 0.05138 0.0506 635142 469715 713026
0.9 50 0.0506 0.05138 0.0506 1150742 976259 1346959
0.9 100 0.0506 0.05138 0.0506 2258617 2106473 2350387
0.4 5 0.05278 0.09601 0.05278 163616 134032 202859
0.4 10 0.05039 0.09173 0.05039 279535 217349 361645
0.4 20 0.05033 0.09155 0.05033 741401 379756 592880
0.4 25 0.05033 0.09155 0.05033 633331 464885 678612
0.4 50 0.05033 0.09155 0.05033 1173080 909846 1219569
0.4 100 0.05033 0.09155 0.05033 2906437 2517625 2326237
0.6 5 0.05451 0.10381 0.05451 172068 108674 214330
0.6 10 0.05071 0.09963 0.05071 274705 225197 344740
0.6 20 0.05059 0.09934 0.05059 478168 380360 585031
0.6 25 0.05059 0.09934 0.05059 577182 464885 686460
0.6 50 0.05059 0.09934 0.05059 1397675 931581 1238888
0.6 100 0.05059 0.09934 0.05059 2201262 1796147 2357028
0.7 5 0.05498 0.1033 0.05498 163616 108674 237272
0.7 10 0.05073 0.09185 0.05073 248140 254781 393643
0.7 20 0.05059 0.09154 0.05059 508958 378549 578994
0.7 25 0.05059 0.09153 0.05059 604954 463677 686460
0.7 50 0.05059 0.09153 0.05059 1109687 908640 1247341
0.7 100 0.05059 0.09153 0.05059 3481809 2309935 2322615
0.9 5 0.05905 0.10179 0.05905 139466 112296 222783
0.9 10 0.05078 0.09197 0.05078 378550 384586 359229
0.9 20 0.0506 0.09155 0.0506 505336 430471 594087
0.9 25 0.0506 0.09155 0.0506 885093 468507 705781
0.9 50 0.0506 0.09155 0.0506 1114517 911658 1247945
0.9 100 0.0506 0.09155 0.0506 2311747 1815467 2347972
0.4 5 0.18423 0.10476 0.18423 179313 109882 201048
0.4 10 0.15686 0.09955 0.15686 277120 237273 327231
0.4 20 0.18848 0.09936 0.18848 513789 467300 565711
0.4 25 0.18848 0.09936 0.18848 670160 500506 668348
0.4 50 0.18848 0.09936 0.18848 1197230 908639 1214739
0.4 100 0.18848 0.09936 0.18848 2255599 1890936 2360651
0.6 5 0.20882 0.10381 0.20882 164219 134635 228216
0.6 10 0.18742 0.09963 0.18742 260215 217349 473941
0.6 20 0.18759 0.09934 0.18759 520430 391832 572956
0.6 25 0.18759 0.09934 0.18759 602540 656273 682234
0.6 50 0.18759 0.09934 0.18759 1723697 998598 1247945
0.6 100 0.18759 0.09934 0.18759 2581623 1878861 2384197
0.7 5 0.22181 0.10468 0.22181 162408 109278 217349
0.7 10 0.1569 0.09969 0.1569 318778 279534 380361
0.7 20 0.18827 0.09934 0.18827 626690 714837 926147
0.7 25 0.18827 0.09934 0.18827 592275 508355 693705
0.7 50 0.18827 0.09934 0.18827 1249756 908639 1241908
0.7 100 0.18827 0.09934 0.18827 2233260 1814864 2422233
0.9 5 0.03649 0.05825 0.03649 134635 108674 211312
0.9 10 0.03257 0.05159 0.03257 284364 228820 357419
0.9 20 0.03249 0.05138 0.03249 682234 642991 841623
0.9 25 0.03249 0.05138 0.03249 619445 463678 705177
0.9 50 0.03249 0.05138 0.03249 1118743 919506 1278736
0.9 100 0.03249 0.05138 0.03249 2264655 1832976 2442157
0.4 5 0.18423 0.03187 0.18423 205878 181124 297044
0.4 10 0.15686 0.02942 0.15686 255989 214330 356814
0.4 20 0.18848 0.02944 0.18848 499299 407529 572352
0.4 25 0.18848 0.02944 0.18848 1000408 482394 775815
0.4 50 0.18848 0.02944 0.18848 1122365 910450 1240700
0.4 100 0.18848 0.02944 0.18848 2246543 1931386 2347368
0.6 5 0.20882 0.02972 0.20882 180520 111090 201048
0.6 10 0.18742 0.03287 0.18742 373116 374323 329645
0.6 20 0.18759 0.03293 0.18759 530694 391228 560881
0.6 25 0.18759 0.03293 0.18759 586842 464885 686460
0.6 50 0.18759 0.03293 0.18759 1215342 919507 1241908
0.6 100 0.18759 0.03293 0.18759 2547209 2045494 2408950
0.7 5 0.22181 0.04057 0.22181 177502 108675 268063
0.7 10 0.1569 0.04637 0.1569 239084 198029 422623
0.7 20 0.18827 0.04644 0.18827 478168 378549 565711
0.7 25 0.18827 0.04644 0.18827 571748 464281 678008
0.7 50 0.18827 0.04644 0.18827 1467105 955731 1286585
0.7 100 0.18827 0.04644 0.18827 2240505 1796751 2465703
0.9 5 0.19241 0.03676 0.19241 175691 117127 202859
0.9 10 0.18764 0.04096 0.18764 283761 220368 333872
0.9 20 0.18776 0.04097 0.18776 714836 461866 570541
0.9 25 0.18776 0.04097 0.18776 628501 502317 687064
0.9 50 0.18776 0.04097 0.18776 1177306 909243 1256397
0.9 100 0.18776 0.04097 0.18776 2279748 1797355 2354613
0.4 5 0.18423 0.03187 0.18423 155767 127391 213727
0.4 10 0.15686 0.02942 0.15686 376738 290402 401492
0.4 20 0.18848 0.02944 0.18848 676801 379757 575371
0.4 25 0.18848 0.02944 0.18848 865773 613407 696120
0.4 50 0.18848 0.02944 0.18848 1209305 916488 1241907
0.4 100 0.18848 0.02944 0.18848 2255599 1845051 2402913
0.6 5 0.20882 0.02972 0.20882 134635 109278 214330
0.6 10 0.18742 0.03287 0.18742 243914 199841 327835
0.6 20 0.18759 0.03293 0.18759 456433 375531 560277
0.6 25 0.18759 0.03293 0.18759 649631 466697 690083
0.6 50 0.18759 0.03293 0.18759 1594496 918903 1234662
0.6 100 0.18759 0.03293 0.18759 2285183 1797355 2379970
0.7 5 0.22181 0.04057 0.22181 148522 125579 204066
0.7 10 0.1569 0.04637 0.1569 272894 213727 376738
0.7 20 0.18827 0.04644 0.18827 530090 382775 570541
0.7 25 0.18827 0.04644 0.18827 647820 468507 679819
0.7 50 0.18827 0.04644 0.18827 1269679 1215343 1558271
0.7 100 0.18827 0.04644 0.18827 2504342 1814864 2347368
0.9 5 0.19241 0.03676 0.19241 172672 109882 207689
0.9 10 0.18764 0.04096 0.18764 251762 227613 349570
0.9 20 0.18776 0.04097 0.18776 710006 650840 883282
0.9 25 0.18776 0.04097 0.18776 844038 466697 697932
0.9 50 0.18776 0.04097 0.18776 1193004 919507 1268472
0.9 100 0.18776 0.04097 0.18776 2579207 1884294 2917910
0.4 5 0.04211 0.37093 0.04211 173879 108674 209500
0.4 10 0.03548 0.35506 0.03548 252970 227612 331457
0.4 20 0.03532 0.35593 0.03532 501713 389417 574767
0.4 25 0.03532 0.35593 0.03532 592276 469111 697931
0.4 50 0.03532 0.35593 0.03532 1139874 918903 1291415
0.4 100 0.03532 0.35593 0.03532 3461281 3424453 4062010
0.6 5 0.0428 0.05546 0.0428 179917 110485 214934
0.6 10 0.03625 0.0515 0.03625 250555 199236 348362
0.6 20 0.03597 0.05137 0.03597 571748 551825 605558
0.6 25 0.03597 0.05137 0.03597 638161 495677 684649
0.6 50 0.03597 0.05137 0.03597 1297452 908035 1235266
0.6 100 0.03597 0.05137 0.03597 2268881 1820297 2378763
0.7 5 0.04279 0.05612 0.04279 173879 109882 233650
0.7 10 0.03704 0.05153 0.03704 238480 197425 391831
0.7 20 0.03667 0.05137 0.03667 459452 374927 576578
0.7 25 0.03667 0.05137 0.03667 638765 464885 695516
0.7 50 0.03667 0.05137 0.03667 1130818 1053539 1278132
0.7 100 0.03667 0.05137 0.03667 2480193 1814863 2378763
0.9 5 0.03649 0.05825 0.03649 167238 108071 213727
0.9 10 0.03257 0.05159 0.03257 278327 234254 450999
0.9 20 0.03249 0.05138 0.03249 720874 409944 597709
0.9 25 0.03249 0.05138 0.03249 566314 487827 711817
0.9 50 0.03249 0.05138 0.03249 1177910 908035 1283566
0.9 100 0.03249 0.05138 0.03249 3592898 3633349 4049934
0.4 5 0.05278 0.09601 0.05278 170257 119542 228821
0.4 10 0.05039 0.09173 0.05039 377946 376134 348362
0.4 20 0.05033 0.09155 0.05033 514393 694913 897168
0.4 25 0.05033 0.09155 0.05033 577786 469111 681027
0.4 50 0.05033 0.09155 0.05033 1135045 908035 1243115
0.4 100 0.05033 0.09155 0.05033 3487846 2283371 2385405
0.6 5 0.05451 0.10381 0.05451 176898 191992 280139
0.6 10 0.05071 0.09963 0.05071 247536 199840 363456
0.6 20 0.05059 0.09934 0.05059 504129 420207 604954
0.6 25 0.05059 0.09934 0.05059 618841 463677 695516
0.6 50 0.05059 0.09934 0.05059 1174891 917695 1275114
0.6 100 0.05059 0.09934 0.05059 2411365 1815467 2344953
0.7 5 0.05498 0.10468 0.05498 171465 108071 290402
0.7 10 0.05073 0.09969 0.05073 286176 222179 348362
0.7 20 0.05059 0.09934 0.05059 491450 436509 580201
0.7 25 0.05059 0.09934 0.05059 940638 864565 1069840
0.7 50 0.05059 0.09934 0.05059 1188174 908639 1232851
0.7 100 0.05059 0.09934 0.05059 2262844 1796147 2384800
0.9 5 0.05452 0.10154 0.05452 167842 110485 219160
0.9 10 0.05045 0.0998 0.05045 249347 199840 353796
0.9 20 0.05032 0.09935 0.05032 588654 441943 588050
0.9 25 0.05032 0.09935 0.05032 635745 464281 706988
0.9 50 0.05032 0.09935 0.05032 1469520 954524 1305300
0.9 100 0.05032 0.09935 0.05032 2206092 1796751 2362462
0.4 5 0.03379 0.05398 0.03379 167842 109279 210708
0.4 10 0.03253 0.05147 0.03253 279535 198633 336891
0.4 20 0.0325 0.05138 0.0325 464282 399680 569333
0.4 25 0.0325 0.05138 0.0325 625482 470922 701554
0.4 50 0.0325 0.05138 0.0325 1122969 912262 1246738
0.4 100 0.0325 0.05138 0.0325 2260429 1813052 2390234
0.6 5 0.0428 0.05546 0.0428 208896 181728 295836
0.6 10 0.03625 0.0515 0.03625 289195 211311 428660
0.6 20 0.03597 0.05137 0.03597 507148 375531 580200
0.6 25 0.03597 0.05137 0.03597 913469 498694 686460
0.6 50 0.03597 0.05137 0.03597 1168855 916488 1237077
0.6 100 0.03597 0.05137 0.03597 3288610 5427081 2984925
0.7 5 0.04279 0.05612 0.04279 207085 203463 294629
0.7 10 0.03704 0.05153 0.03704 401492 362852 493865
0.7 20 0.03667 0.05137 0.03667 707591 419000 581408
0.7 25 0.03667 0.05137 0.03667 583219 479978 700950
0.7 50 0.03667 0.05137 0.03667 1275113 922526 1318584
0.7 100 0.03667 0.05137 0.03667 2272504 1796751 2368500
0.9 5 0.03649 0.05825 0.03649 165426 124372 216745
0.9 10 0.03257 0.05159 0.03257 373719 383983 353795
0.9 20 0.03249 0.05138 0.03249 719666 463677 614614
0.9 25 0.03249 0.05138 0.03249 815058 465489 710006
0.9 50 0.03249 0.05138 0.03249 1161006 925544 1268472
0.9 100 0.03249 0.05138 0.03249 2286994 1873427 2389631

