0.4 5 0.05331 0.105 0.05331 159389 157578 248744
0.4 10 0.05068 0.09954 0.05068 275309 246933 390020
0.4 20 0.05061 0.09934 0.05061 524052 473338 682838
0.4 25 0.05061 0.09934 0.05061 699743 595294 847661
0.4 50 0.05061 0.09934 0.05061 1263038 1176703 1577591
0.4 100 0.05061 0.09934 0.05061 2529097 2376348 3036243
0.6 5 0.05451 0.10163 0.05451 149126 134636 248744
0.6 10 0.05071 0.09179 0.05071 269874 247536 400888
0.6 20 0.05059 0.09152 0.05059 595294 493262 691290
0.6 25 0.05059 0.09152 0.05059 1158590 1097008 1351789
0.6 50 0.05059 0.09152 0.05059 1270284 1221984 1553441
0.6 100 0.05059 0.09152 0.05059 2698145 2295446 3003037
0.7 5 0.05498 0.10468 0.05498 194406 155163 263838
0.7 10 0.05073 0.09969 0.05073 329646 290402 408133
0.7 20 0.05059 0.09934 0.05059 603143 475753 697327
0.7 25 0.05059 0.09934 0.05059 716647 590465 849472
0.7 50 0.05059 0.09934 0.05059 1374128 1156779 1545592
0.7 100 0.05059 0.09934 0.05059 2640790 2293031 2979491
0.9 5 0.05452 0.10154 0.05452 196218 132825 248744
0.9 10 0.05045 0.0998 0.05045 268667 254781 411755
0.9 20 0.05032 0.09935 0.05032 594691 479978 706988
0.9 25 0.05032 0.09935 0.05032 720874 632124 937015
0.9 50 0.05032 0.09935 0.05032 1370505 1156779 1597515
0.9 100 0.05032 0.09935 0.05032 2547812 2292427 2995792
0.4 5 0.05278 0.09601 0.05278 186558 135239 284968
0.4 10 0.05039 0.09173 0.05039 482998 327230 416586
0.4 20 0.05033 0.09155 0.05033 579597 473941 716648
0.4 25 0.05033 0.09155 0.05033 720873 603143 868792
0.4 50 0.05033 0.09155 0.05033 1683851 1857730 1685058
0.4 100 0.05033 0.09155 0.05033 2538152 2300880 3042281
0.6 5 0.05451 0.10381 0.05451 189576 135843 338702
0.6 10 0.05071 0.09963 0.05071 472130 434698 428056
0.6 20 0.05059 0.09934 0.05059 673178 488432 744420
0.6 25 0.05059 0.09934 0.05059 673782 595898 871810
0.6 50 0.05059 0.09934 0.05059 1319791 1205079 1608382
0.6 100 0.05059 0.09934 0.05059 2638978 2291220 3059186
0.7 5 0.05498 0.10468 0.05498 152144 143088 256593
0.7 10 0.05073 0.09969 0.05073 330853 247536 489035
0.7 20 0.05059 0.09934 0.05059 879660 478168 730533
0.7 25 0.05059 0.09934 0.05059 641180 641179 880263
0.7 50 0.05059 0.09934 0.05059 2140887 2024968 1612004
0.7 100 0.05059 0.09934 0.05059 3003038 2291824 2993377
0.9 5 0.05452 0.10154 0.05452 159389 156974 275912
0.9 10 0.05045 0.0998 0.05045 269271 249348 429264
0.9 20 0.05032 0.09935 0.05032 807210 480582 729930
0.9 25 0.05032 0.09935 0.05032 721478 596502 885697
0.9 50 0.05032 0.09935 0.05032 1353601 1169458 1644003
0.9 100 0.05032 0.09935 0.05032 3190803 2300276 3065223
0.4 5 0.03379 0.10476 0.03379 153352 144295 231839
0.4 10 0.03253 0.09955 0.03253 280742 272893 422623
0.4 20 0.0325 0.09936 0.0325 889320 501713 707592
0.4 25 0.0325 0.09936 0.0325 699743 588654 836189
0.4 50 0.0325 0.09936 0.0325 1356016 1156176 1549818
0.4 100 0.0325 0.09936 0.0325 2561698 2293634 3019339
0.6 5 0.03449 0.10381 0.03449 236669 215538 335079
0.6 10 0.03254 0.09963 0.03254 274705 246933 401492
0.6 20 0.03249 0.09934 0.03249 742609 484205 701554
0.6 25 0.03249 0.09934 0.03249 958750 591069 876037
0.6 50 0.03249 0.09934 0.03249 1598722 1170061 1556459
0.6 100 0.03249 0.09934 0.03249 2811650 2345557 3010283
0.7 5 0.34262 0.13366 0.34262 166634 149125 260818
0.7 10 0.29369 0.14075 0.29369 277724 251763 404510
0.7 20 0.25946 0.14099 0.25946 601936 473337 700950
0.7 25 0.25946 0.14099 0.25946 700950 596502 836793
0.7 50 0.25946 0.14099 0.25946 2629318 2504946 2904627
0.7 100 0.25946 0.14099 0.25946 4166458 3940657 4840843
0.9 5 0.15057 0.27239 0.15057 152144 136447 241498
0.9 10 0.16385 0.31123 0.16385 278327 249348 411756
0.9 20 0.16502 0.31011 0.16502 900790 606766 707591
0.9 25 0.16503 0.3101 0.16503 1065613 589256 861547
0.9 50 0.16503 0.3101 0.16503 1291415 1155571 1602344
0.9 100 0.16503 0.3101 0.16503 2920324 2323822 3024168
0.4 5 0.03379 0.05398 0.03379 257196 233047 347758
0.4 10 0.03253 0.05147 0.03253 307911 267460 438924
0.4 20 0.0325 0.05138 0.0325 865169 848868 1065010
0.4 25 0.0325 0.05138 0.0325 733553 703969 892338
0.4 50 0.0325 0.05138 0.0325 1358430 1160402 1624079
0.4 100 0.0325 0.05138 0.0325 2510984 2350387 3158200
0.6 5 0.03449 0.05546 0.03449 186558 133428 255385
0.6 10 0.03254 0.0515 0.03254 454622 380361 434698
0.6 20 0.03249 0.05137 0.03249 570541 594087 837397
0.6 25 0.03249 0.05137 0.03249 646009 607973 912261
0.6 50 0.03249 0.05137 0.03249 1409145 1162213 1632532
0.6 100 0.03249 0.05137 0.03249 2544190 2343142 3175105
0.7 5 0.03486 0.21566 0.03486 254178 232443 353796
0.7 10 0.03254 0.30109 0.03254 269875 249952 444358
0.7 20 0.03249 0.30361 0.03249 863358 478167 748646
0.7 25 0.03249 0.30362 0.03249 668951 589258 888112
0.7 50 0.03249 0.30362 0.03249 1266661 1155571 1650040
0.7 100 0.03249 0.30362 0.03249 2587055 2369706 3117146
0.9 5 0.2876 0.10179 0.2876 179313 152144 274705
0.9 10 0.33405 0.09197 0.33405 458847 350173 443754
0.9 20 0.33517 0.09155 0.33517 605558 474545 745024
0.9 25 0.33517 0.09155 0.33517 741401 587446 899583
0.9 50 0.33517 0.09155 0.33517 1586044 1183344 1631928
0.9 100 0.33517 0.09155 0.33517 2848479 2321407 3027791
0.4 5 0.05331 0.10476 0.05331 185954 151540 253573
0.4 10 0.05068 0.09955 0.05068 339909 250555 399680
0.4 20 0.05061 0.09936 0.05061 655669 608577 691290
0.4 25 0.05061 0.09936 0.05061 644801 642387 910450
0.4 50 0.05061 0.09936 0.05061 1320999 1170665 1551630
0.4 100 0.05061 0.09936 0.05061 2616639 2312351 2968020
0.6 5 0.0541 0.10163 0.0541 165426 144899 257196
0.6 10 0.05039 0.09179 0.05039 275912 252970 408133
0.6 20 0.05031 0.09152 0.05031 545184 486620 687064
0.6 25 0.05031 0.09152 0.05031 988334 604954 859132
0.6 50 0.05031 0.09152 0.05031 1315565 1177307 1584232
0.6 100 0.05031 0.09152 0.05031 2601545 2309332 2963190
0.7 5 0.05485 0.1033 0.05485 240291 216745 330853
0.7 10 0.0504 0.09185 0.0504 307911 247536 407529
0.7 20 0.0503 0.09154 0.0503 529486 475753 705177
0.7 25 0.0503 0.09153 0.0503 644198 591068 850076
0.7 50 0.0503 0.09153 0.0503 1465898 1171269 1580610
0.7 100 0.0503 0.09153 0.0503 2592490 2295446 3122580
0.9 5 0.05905 0.10179 0.05905 169049 146106 267460
0.9 10 0.05078 0.09197 0.05078 295836 283761 441943
0.9 20 0.0506 0.09155 0.0506 615218 480582 723893
0.9 25 0.0506 0.09155 0.0506 1118743 805398 865170
0.9 50 0.0506 0.09155 0.0506 1318583 1203872 1639777
0.9 100 0.0506 0.09155 0.0506 2679429 2400498 3015716
0.4 5 0.05278 0.11164 0.05278 156974 134635 242706
0.4 10 0.05039 0.1802 0.05039 324212 254781 414170
0.4 20 0.05033 0.18625 0.05033 825322 481790 711818
0.4 25 0.05033 0.18626 0.05033 859736 590465 870604
0.4 50 0.05033 0.18626 0.05033 1332469 1160402 1598722
0.4 100 0.05033 0.18626 0.05033 3626105 2453024 3511392
0.6 5 0.05451 0.04722 0.05451 145503 134032 246329
0.6 10 0.05071 0.06334 0.05071 367682 263234 422622
0.6 20 0.05059 0.06395 0.05059 533712 486016 717855
0.6 25 0.05059 0.06395 0.05059 734760 602539 864566
0.6 50 0.05059 0.06395 0.05059 1261228 1157382 1638569
0.6 100 0.05059 0.06395 0.05059 2558076 2325634 3119560
0.7 5 0.05498 0.05231 0.05498 179313 143088 244517
0.7 10 0.05073 0.07646 0.05073 269271 269875 420812
0.7 20 0.05059 0.07721 0.05059 583220 553033 723289
0.7 25 0.05059 0.07721 0.05059 787890 603747 866377
0.7 50 0.05059 0.07721 0.05059 1272699 1270284 1577591
0.7 100 0.05059 0.07721 0.05059 2577396 2289409 3059186
0.9 5 0.05452 0.02916 0.05452 200444 132824 263233
0.9 10 0.05045 0.10021 0.05045 384587 417189 426245
0.9 20 0.05032 0.09968 0.05032 579597 482394 717252
0.9 25 0.05032 0.09968 0.05032 926147 595898 865170
0.9 50 0.05032 0.09968 0.05032 1356016 1222588 1655474
0.9 100 0.05032 0.09968 0.05032 2563510 2321407 3063412
0.4 5 0.18423 0.10476 0.18423 245122 242707 391228
0.4 10 0.15686 0.09955 0.15686 308515 252970 404511
0.4 20 0.18848 0.09936 0.18848 600729 478167 706384
0.4 25 0.18848 0.09936 0.18848 758910 587446 852491
0.4 50 0.18848 0.09936 0.18848 1293830 1185155 1582420
0.4 100 0.18848 0.09936 0.18848 2620865 2297257 3030810
0.6 5 0.20882 0.10381 0.20882 199236 134635 267460
0.6 10 0.18742 0.09963 0.18742 319382 286176 417793
0.6 20 0.18759 0.09934 0.18759 951505 478167 708195
0.6 25 0.18759 0.09934 0.18759 713629 586238 854905
0.6 50 0.18759 0.09934 0.18759 1352393 1153760 1560082
0.6 100 0.18759 0.09934 0.18759 2586452 2318389 2950512
0.7 5 0.22181 0.10468 0.22181 188973 172672 290402
0.7 10 0.1569 0.09969 0.1569 459451 380964 419604
0.7 20 0.18827 0.09934 0.18827 603143 473942 714836
0.7 25 0.18827 0.09934 0.18827 647820 587446 860943
0.7 50 0.18827 0.09934 0.18827 1618042 1174891 1572761
0.7 100 0.18827 0.09934 0.18827 2518228 2303898 3038055
0.9 5 0.05452 0.10154 0.05452 174482 237272 374323
0.9 10 0.05045 0.0998 0.05045 450396 403907 600728
0.9 20 0.05032 0.09935 0.05032 621255 474546 728119
0.9 25 0.05032 0.09935 0.05032 646010 596502 895960
0.9 50 0.05032 0.09935 0.05032 2220581 2320804 2782066
0.9 100 0.05032 0.09935 0.05032 4126610 4272717 5905250
0.4 5 0.25744 0.37988 0.25744 246328 242103 294629
0.4 10 0.25935 0.48187 0.25935 310929 278327 426245
0.4 20 0.25884 0.48062 0.25884 603144 476356 738987
0.4 25 0.25884 0.48062 0.25884 777627 588049 871810
0.4 50 0.25884 0.48062 0.25884 1351790 1185155 1647021
0.4 100 0.25884 0.48062 0.25884 2500720 2294238 2963794
0.6 5 0.12773 0.35515 0.12773 175086 147314 294629
0.6 10 0.15682 0.4881 0.15682 435905 314552 431679
0.6 20 0.15756 0.48578 0.15756 760118 910450 1186363
0.6 25 0.15756 0.48578 0.15756 961769 588653 890527
0.6 50 0.15756 0.48578 0.15756 1261831 1171269 1649437
0.6 100 0.15756 0.48578 0.15756 2585244 2295446 3141296
0.7 5 0.1351 0.34687 0.1351 185954 144900 278327
0.7 10 0.15502 0.48844 0.15502 442546 406322 606162
0.7 20 0.15536 0.48592 0.15536 808417 479375 764948
0.7 25 0.15536 0.48592 0.15536 1052934 1004031 1349978
0.7 50 0.15536 0.48592 0.15536 1261831 1154364 1642795
0.7 100 0.15536 0.48592 0.15536 2878061 2293635 3106882
0.9 5 0.23231 0.33387 0.23231 256593 230028 370097
0.9 10 0.21656 0.49739 0.21656 296440 327835 497488
0.9 20 0.21594 0.49346 0.21594 824114 481186 760118
0.9 25 0.21594 0.49346 0.21594 677404 595294 891131
0.9 50 0.21594 0.49346 0.21594 1634947 1191797 1677210
0.9 100 0.21594 0.49346 0.21594 2619658 2398687 3028395
0.4 5 0.05278 0.09601 0.05278 180520 150333 252366
0.4 10 0.05039 0.09173 0.05039 307911 296440 433490
0.4 20 0.05033 0.09155 0.05033 890527 916488 1156176
0.4 25 0.05033 0.09155 0.05033 716044 609784 924337
0.4 50 0.05033 0.09155 0.05033 1407938 1797355 2452421
0.4 100 0.05033 0.09155 0.05033 3310948 2358236 3100240
0.6 5 0.0541 0.10381 0.0541 251763 234254 332664
0.6 10 0.05039 0.09963 0.05039 309118 266252 522241
0.6 20 0.05031 0.09934 0.05031 552428 474545 705780
0.6 25 0.05031 0.09934 0.05031 745628 586842 855510
0.6 50 0.05031 0.09934 0.05031 1653059 1186966 1553441
0.6 100 0.05031 0.09934 0.05031 2931795 2379367 3059186
0.7 5 0.05485 0.10468 0.05485 256592 227612 350174
0.7 10 0.0504 0.09969 0.0504 337494 266856 417793
0.7 20 0.0503 0.09934 0.0503 879056 476356 721478
0.7 25 0.0503 0.09934 0.0503 926751 676801 870603
0.7 50 0.0503 0.09934 0.0503 1713434 1179722 1583629
0.7 100 0.0503 0.09934 0.0503 2806216 2301484 2995188
0.9 5 0.05452 0.10154 0.05452 191388 132824 251159
0.9 10 0.05045 0.0998 0.05045 316967 281950 428056
0.9 20 0.05032 0.09935 0.05032 846453 802380 1060783
0.9 25 0.05032 0.09935 0.05032 650236 609785 899583
0.9 50 0.05032 0.09935 0.05032 1409750 1381976 1633136
0.9 100 0.05032 0.09935 0.05032 2652261 2384801 3007867
0.4 5 0.05331 0.10476 0.05331 191991 135843 269271
0.4 10 0.05068 0.09955 0.05068 271082 269271 415378
0.4 20 0.05061 0.09936 0.05061 582012 475149 728722
0.4 25 0.05061 0.09936 0.05061 838001 1019728 868792
0.4 50 0.05061 0.09936 0.05061 1529895 1161609 1616834
0.4 100 0.05061 0.09936 0.05061 2571358 2478381 3128013
0.6 5 0.0541 0.19912 0.0541 208293 331458 254178
0.6 10 0.05039 0.21843 0.05039 319383 284365 417189
0.6 20 0.05031 0.21766 0.05031 527071 473941 713025
0.6 25 0.05031 0.21766 0.05031 988334 589861 865773
0.6 50 0.05031 0.21766 0.05031 1629513 1240096 1636154
0.6 100 0.05031 0.21766 0.05031 2581018 2294238 3164842
0.7 5 0.05485 0.24006 0.05485 144899 134032 252366
0.7 10 0.0504 0.30886 0.0504 287988 295836 413567
0.7 20 0.0503 0.30813 0.0503 590464 475753 749853
0.7 25 0.0503 0.30812 0.0503 647217 592880 862151
0.7 50 0.0503 0.30812 0.0503 1366279 1157986 1586647
0.7 100 0.0503 0.30812 0.0503 2593093 2377556 3046508
0.9 5 0.05905 0.12513 0.05905 187765 134635 242103
0.9 10 0.05078 0.14469 0.05078 309119 394247 649632
0.9 20 0.0506 0.14481 0.0506 579598 476357 733553
0.9 25 0.0506 0.14481 0.0506 1086141 921922 876037
0.9 50 0.0506 0.14481 0.0506 1275114 1171873 1621060
0.9 100 0.0506 0.14481 0.0506 3390040 2468721 3109297
