0.4 5 0.03379 0.05398 0.03379 5948719 3192614 4607193
0.4 10 0.03253 0.05147 0.03253 9724553 10075330 9937072
0.4 20 0.0325 0.05138 0.0325 4785298 2044891 4939254
0.4 25 0.0325 0.05138 0.0325 2951719 4455049 5477192
0.4 50 0.0325 0.05138 0.0325 2574981 3815680 9389473
0.4 100 0.0325 0.05138 0.0325 3807832 3040470 10736433
0.6 5 0.03449 0.05546 0.03449 295836 272894 1382580
0.6 10 0.03254 0.0515 0.03254 575371 534920 595294
0.6 20 0.03249 0.05137 0.03249 1043878 985919 1327640
0.6 25 0.03249 0.05137 0.03249 987730 754684 1081915
0.6 50 0.03249 0.05137 0.03249 1587854 1429069 2059381
0.6 100 0.03249 0.05137 0.03249 3965410 4750281 6108712
0.7 5 0.03486 0.05612 0.03486 297647 259008 291610
0.7 10 0.03254 0.05153 0.03254 539750 298855 513788
0.7 20 0.03249 0.05137 0.03249 861547 597105 886904
0.7 25 0.03249 0.05137 0.03249 1016106 760117 1183345
0.7 50 0.03249 0.05137 0.03249 1543177 1800977 3025376
0.7 100 0.03249 0.05137 0.03249 3532524 3025376 4022163
0.9 5 0.31462 0.05825 0.31462 338702 259008 287988
0.9 10 0.27772 0.05159 0.27772 693102 506543 721478
0.9 20 0.27587 0.05138 0.27587 1031199 990145 871207
0.9 25 0.27587 0.05138 0.27587 986523 746231 1046897
0.9 50 0.27587 0.05138 0.27587 2629318 2475966 3182350
0.9 100 0.27587 0.05138 0.27587 3262649 2832177 4596929
0.4 5 0.13472 0.13794 0.13472 303081 278932 422019
0.4 10 0.12128 0.16473 0.12128 417793 536731 778229
0.4 20 0.12099 0.17434 0.12099 860944 612200 881471
0.4 25 0.12099 0.17434 0.12099 994976 857924 1069236
0.4 50 0.12099 0.17434 0.12099 2730747 2612413 3076695
0.4 100 0.12099 0.17434 0.12099 3586860 2988547 5444590
0.6 5 0.12773 0.13218 0.12773 300666 271082 290402
0.6 10 0.15682 0.14035 0.15682 563296 309119 743816
0.6 20 0.15756 0.14058 0.15756 1081914 1004635 1322810
0.6 25 0.15756 0.14058 0.15756 796946 729930 1076481
0.6 50 0.15756 0.14058 0.15756 2724710 2279145 2992774
0.6 100 0.15756 0.14058 0.15756 3003037 3147937 3670782
0.7 5 0.34262 0.24006 0.34262 300063 294025 303685
0.7 10 0.29369 0.30886 0.29369 329646 347154 530694
0.7 20 0.25946 0.30813 0.25946 1112102 981089 1483406
0.7 25 0.25946 0.30812 0.25946 1344544 1230437 1647022
0.7 50 0.25946 0.30812 0.25946 2796556 2462684 3175709
0.7 100 0.25946 0.30812 0.25946 4078311 2955945 3863377
0.9 5 0.31462 0.12513 0.31462 168446 177502 328439
0.9 10 0.27772 0.14469 0.27772 560277 527071 541561
0.9 20 0.27587 0.14481 0.27587 1090367 1031200 1313753
0.9 25 0.27587 0.14481 0.27587 1506952 1523254 2047306
0.9 50 0.27587 0.14481 0.27587 1520235 1480388 1984516
0.9 100 0.27587 0.14481 0.27587 3004849 2995189 3687687
0.4 5 0.18423 0.11618 0.18423 300665 251159 265045
0.4 10 0.15686 0.11277 0.15686 572956 572353 481790
0.4 20 0.18848 0.11257 0.18848 705780 608577 839812
0.4 25 0.18848 0.11257 0.18848 802380 775815 1111499
0.4 50 0.18848 0.11257 0.18848 1503330 1492462 1939236
0.4 100 0.18848 0.11257 0.18848 2955945 2992169 3822323
0.6 5 0.05451 0.10163 0.05451 192595 162408 304288
0.6 10 0.05071 0.09179 0.05071 369493 356815 503526
0.6 20 0.05059 0.09152 0.05059 618841 604351 865773
0.6 25 0.05059 0.09152 0.05059 821096 743816 1049916
0.6 50 0.05059 0.09152 0.05059 1863767 1476161 1949499
0.6 100 0.05059 0.09152 0.05059 3002434 3766777 4580025
0.7 5 0.05498 0.24006 0.05498 181125 162408 291006
0.7 10 0.05073 0.30886 0.05073 328439 347155 508355
0.7 20 0.05059 0.30813 0.05059 1184552 1120554 1400693
0.7 25 0.05059 0.30812 0.05059 746835 722081 1182740
0.7 50 0.05059 0.30812 0.05059 1536536 1457445 1973649
0.7 100 0.05059 0.30812 0.05059 3018131 2908249 3697950
0.9 5 0.03649 0.12513 0.03649 290402 274705 411151
0.9 10 0.03257 0.14469 0.03257 354400 350173 513185
0.9 20 0.03249 0.14481 0.03249 669556 603144 879055
0.9 25 0.03249 0.14481 0.03249 810229 720270 1376543
0.9 50 0.03249 0.14481 0.03249 1475557 1483406 1954932
0.9 100 0.03249 0.14481 0.03249 3047111 2948097 3719685
0.4 5 1.44476 0.10255 1.44476 317571 300062 389417
0.4 10 1.15607 0.11757 1.15607 362852 517411 754684
0.4 20 1.14599 0.1187 1.14599 938223 610388 866981
0.4 25 1.14598 0.1187 1.14598 1125385 719666 1048709
0.4 50 1.14598 0.1187 1.14598 1552837 1602344 1928368
0.4 100 1.14598 0.1187 1.14598 3062204 2960171 4588477
0.6 5 0.05106 0.18459 0.05106 299459 277120 422623
0.6 10 0.10584 0.2312 0.10584 364663 325420 496884
0.6 20 0.10894 0.23237 0.10894 604351 613407 876036
0.6 25 0.10894 0.23237 0.10894 874226 755288 1642191
0.6 50 0.10894 0.23237 0.10894 1717660 2087757 2460269
0.6 100 0.10894 0.23237 0.10894 2949908 3087562 3743834
0.7 5 0.39103 0.30082 0.39103 169653 184143 291610
0.7 10 0.33084 0.15544 0.33084 556655 394247 508355
0.7 20 0.33188 0.15661 0.33188 670159 603747 880263
0.7 25 0.33188 0.15661 0.33188 775211 749250 1057161
0.7 50 0.33188 0.15661 0.33188 1600534 1485218 1963386
0.7 100 0.33188 0.15661 0.33188 3264460 2965002 3704592
0.9 5 0.23231 0.34562 0.23231 302477 268668 387606
0.9 10 0.21656 2.22206 0.21656 314553 300063 534920
0.9 20 0.21594 2.63493 0.21594 1115724 1092178 1497896
0.9 25 0.21594 2.63535 0.21594 747439 787890 1124177
0.9 50 0.21594 2.63537 0.21594 1522047 1413976 2092587
0.9 100 0.21594 2.63537 0.21594 2973454 2886515 3925563
0.4 5 0.05278 1.21909 0.05278 298855 284365 335683
0.4 10 0.05039 0.69445 0.05039 313948 307307 483602
0.4 20 0.05033 0.6701 0.05033 626689 576579 862151
0.4 25 0.05033 0.67008 0.05033 895960 737175 1069840
0.4 50 0.05033 0.67007 0.05033 1520235 1438729 2020137
0.4 100 0.05033 0.67007 0.05033 2962586 2997000 3690101
0.6 5 0.0541 1.1049 0.0541 211312 182332 300666
0.6 10 0.05039 1.75788 0.05039 374927 337495 499903
0.6 20 0.05031 1.67704 0.05031 675593 629104 866377
0.6 25 0.05031 1.67697 0.05031 834983 745628 1057161
0.6 50 0.05031 1.67697 0.05031 1781657 1479180 1913878
0.6 100 0.05031 1.67697 0.05031 5398102 5144528 5657110
0.7 5 0.05498 0.24 0.05498 171464 159993 292817
0.7 10 0.05073 0.30884 0.05073 350777 300062 515600
0.7 20 0.05059 0.30811 0.05059 720874 613407 882075
0.7 25 0.05059 0.30811 0.05059 795134 751665 1123573
0.7 50 0.05059 0.30811 0.05059 1477973 1468916 1972442
0.7 100 0.05059 0.30811 0.05059 2968624 2974057 3816285
0.9 5 0.2876 0.27238 0.2876 294629 289799 314552
0.9 10 0.33405 0.31123 0.33405 370097 326627 507751
0.9 20 0.33517 0.31011 0.33517 665933 575370 873622
0.9 25 0.33517 0.3101 0.33517 1383184 941845 1051727
0.9 50 0.33517 0.3101 0.33517 1616231 1481595 1902407
0.9 100 0.33517 0.3101 0.33517 3082128 2917306 3698554
0.4 5 0.05278 0.10476 0.05278 299459 291610 307911
0.4 10 0.05039 0.09955 0.05039 371304 334476 475149
0.4 20 0.05033 0.09936 0.05033 688271 612803 857925
0.4 25 0.05033 0.09936 0.05033 1037237 1071651 988937
0.4 50 0.05033 0.09936 0.05033 1543178 1468313 1875238
0.4 100 0.05033 0.09936 0.05033 2955341 3010886 3580823
0.6 5 0.05451 0.10381 0.05451 170860 184143 275912
0.6 10 0.05071 0.09963 0.05071 398473 300666 482394
0.6 20 0.05059 0.09934 0.05059 688875 617029 914073
0.6 25 0.05059 0.09934 0.05059 789097 726911 1009465
0.6 50 0.05059 0.09934 0.05059 1529291 1410957 1848070
0.6 100 0.05059 0.09934 0.05059 3039262 3036244 3667159
0.7 5 0.05498 0.10468 0.05498 208293 159390 283762
0.7 10 0.05073 0.09969 0.05073 367078 398473 479979
0.7 20 0.05059 0.09934 0.05059 697932 606766 847661
0.7 25 0.05059 0.09934 0.05059 830152 761929 1015502
0.7 50 0.05059 0.09934 0.05059 2661920 1699548 1896369
0.7 100 0.05059 0.09934 0.05059 2926361 2798368 3746854
0.9 5 0.05452 0.27239 0.05452 292818 285572 318779
0.9 10 0.05045 0.31123 0.05045 342324 313949 475149
0.9 20 0.05032 0.31011 0.05032 705176 606766 830756
0.9 25 0.05032 0.3101 0.05032 820492 749250 1015502
0.9 50 0.05032 0.3101 0.05032 1563704 1498500 2019534
0.9 100 0.05032 0.3101 0.05032 3008472 2946285 3555466
0.4 5 0.2981 0.3798 0.2981 173879 166634 317571
0.4 10 0.27661 0.4818 0.27661 496883 376135 560278
0.4 20 0.27571 0.48055 0.27571 987126 607369 966599
0.4 25 0.27571 0.48055 0.27571 773400 745628 1116328
0.4 50 0.27571 0.48055 0.27571 1523254 1496085 2018326
0.4 100 0.27571 0.48055 0.27571 4951329 3166653 4060199
0.6 5 0.31558 0.35515 0.31558 214330 176295 322401
0.6 10 0.28882 0.4881 0.28882 364663 334476 510770
0.6 20 0.28781 0.48578 0.28781 888112 590465 876641
0.6 25 0.28781 0.48578 0.28781 972637 746232 1057161
0.6 50 0.28781 0.48578 0.28781 1678416 1489444 1961574
0.6 100 0.28781 0.48578 0.28781 2972246 2966812 3807832
0.7 5 0.0449 0.34687 0.0449 219160 175087 293422
0.7 10 0.04667 0.48844 0.04667 489035 314552 507147
0.7 20 0.04669 0.48592 0.04669 883281 607369 881470
0.7 25 0.04669 0.48592 0.04669 851284 725704 1092178
0.7 50 0.04669 0.48592 0.04669 1534725 1475558 1944669
0.7 100 0.04669 0.48592 0.04669 3203481 2972850 3729949
0.9 5 0.04915 0.33387 0.04915 172067 179917 303081
0.9 10 0.04645 0.49739 0.04645 584427 358022 522241
0.9 20 0.04642 0.49346 0.04642 703365 605558 900791
0.9 25 0.04642 0.49346 0.04642 842228 757098 1061991
0.9 50 0.04642 0.49346 0.04642 1562497 1496688 1930179
0.9 100 0.04642 0.49346 0.04642 3405133 2837611 3670178
0.4 5 0.05331 0.10476 0.05331 165427 165427 260215
0.4 10 0.05068 0.09955 0.05068 351381 333872 472734
0.4 20 0.05061 0.09936 0.05061 738383 582012 818681
0.4 25 0.05061 0.09936 0.05061 785475 743816 990145
0.4 50 0.05061 0.09936 0.05061 1581213 1526272 1866182
0.4 100 0.05061 0.09936 0.05061 3008471 2982510 3589880
0.6 5 0.0541 0.10163 0.0541 299458 283158 399077
0.6 10 0.05039 0.09179 0.05039 319986 312741 457036
0.6 20 0.05031 0.09152 0.05031 661103 615822 817473
0.6 25 0.05031 0.09152 0.05031 823511 753476 993163
0.6 50 0.05031 0.09152 0.05031 1525065 1479180 1955536
0.6 100 0.05031 0.09152 0.05031 2975265 2984321 3594106
0.7 5 0.05485 0.1033 0.05485 207086 185350 292213
0.7 10 0.0504 0.09185 0.0504 419001 372512 469715
0.7 20 0.0503 0.09154 0.0503 823511 602540 848264
0.7 25 0.0503 0.09153 0.0503 850076 754683 999201
0.7 50 0.0503 0.09153 0.0503 1646418 1437521 1867993
0.7 100 0.0503 0.09153 0.0503 2968020 2797764 3671989
0.9 5 0.05905 0.10179 0.05905 204670 188369 315156
0.9 10 0.05078 0.09197 0.05078 377342 330250 469112
0.9 20 0.0506 0.09155 0.0506 730534 607369 825322
0.9 25 0.0506 0.09155 0.0506 846453 756495 993767
0.9 50 0.0506 0.09155 0.0506 1467709 1568534 1867390
0.9 100 0.0506 0.09155 0.0506 5474777 5383612 3910469
0.4 5 0.05278 0.09601 0.05278 172672 187161 283157
0.4 10 0.05039 0.09173 0.05039 342325 324816 469111
0.4 20 0.05033 0.09155 0.05033 630311 591068 841623
0.4 25 0.05033 0.09155 0.05033 1061387 1354808 1011880
0.4 50 0.05033 0.09155 0.05033 1575780 1474954 1893351
0.4 100 0.05033 0.09155 0.05033 3129825 2978283 3697347
0.6 5 0.0541 0.10163 0.0541 309722 303081 422020
0.6 10 0.05039 0.09179 0.05039 376134 392435 476356
0.6 20 0.05031 0.09152 0.05031 912865 598917 849472
0.6 25 0.05031 0.09152 0.05031 936412 721477 1021540
0.6 50 0.05031 0.09152 0.05031 1505745 1485821 1907840
0.6 100 0.05031 0.09152 0.05031 3044092 3213745 3610407
0.7 5 0.05485 0.05612 0.05485 219764 158785 300062
0.7 10 0.0504 0.05153 0.0504 380964 334476 509563
0.7 20 0.0503 0.05137 0.0503 692498 586842 888112
0.7 25 0.0503 0.05137 0.0503 834982 715440 1063802
0.7 50 0.0503 0.05137 0.0503 1639173 1467105 1957952
0.7 100 0.0503 0.05137 0.0503 3010886 2924550 3710629
0.9 5 0.03649 0.33387 0.03649 216141 171465 324816
0.9 10 0.03257 0.49739 0.03257 485412 523449 673178
0.9 20 0.03249 0.49346 0.03249 697328 598314 919507
0.9 25 0.03249 0.49346 0.03249 853698 751062 1121158
0.9 50 0.03249 0.49346 0.03249 1718264 1409146 2046098
0.9 100 0.03249 0.49346 0.03249 2963794 2802593 3884508
0.4 5 0.32859 0.10476 0.32859 170256 161804 286780
0.4 10 0.33346 0.09955 0.33346 382171 341721 505940
0.4 20 0.33398 0.09936 0.33398 708799 603747 969014
0.4 25 0.33398 0.09936 0.33398 838605 745628 1042067
0.4 50 0.33398 0.09936 0.33398 1583629 1499708 1954329
0.4 100 0.33398 0.09936 0.33398 3358041 2975869 3729949
0.6 5 0.36779 0.79787 0.36779 223387 191991 310929
0.6 10 0.35863 0.35448 0.35863 315760 318778 492054
0.6 20 0.3573 0.35066 0.3573 697328 574767 851887
0.6 25 0.3573 0.35066 0.3573 1298660 1266661 1537139
0.6 50 0.3573 0.35066 0.3573 1691699 1456237 2007458
0.6 100 0.3573 0.35066 0.3573 3354418 3036244 3691913
0.7 5 0.40073 0.13364 0.40073 195614 172671 322401
0.7 10 0.35198 0.14075 0.35198 384587 314552 501110
0.7 20 0.35076 0.14099 0.35076 684649 612199 871811
0.7 25 0.35075 0.14099 0.35075 886904 810832 1043275
0.7 50 0.35075 0.14099 0.35075 1637965 1480387 2297257
0.7 100 0.35075 0.14099 0.35075 3007867 2985528 3892960
0.9 5 0.2876 0.12513 0.2876 228820 164823 310930
0.9 10 0.33405 0.14469 0.33405 365871 319382 510770
0.9 20 0.33517 0.14481 0.33517 661706 606766 906828
0.9 25 0.33517 0.14481 0.33517 1381977 1399486 1564912
0.9 50 0.33517 0.14481 0.33517 1630721 1500311 1913274
0.9 100 0.33517 0.14481 0.33517 3019942 2949908 3664140
