
0.4 5 0.03379 0.37988 0.03379 4735188 3590483 4081329
0.4 10 0.03253 0.48187 0.03253 10293283 12493336 12488506
0.4 20 0.0325 0.48062 0.0325 5427081 4698359 5719295
0.4 25 0.0325 0.48062 0.0325 7334922 2848479 10304150
0.4 50 0.0325 0.48062 0.0325 5149962 5125208 3068242
0.4 100 0.0325 0.48062 0.0325 4412183 3341740 4656700
0.6 5 0.12772 0.35515 0.12772 355607 366474 385191
0.6 10 0.15682 0.4881 0.15682 366475 382172 615218
0.6 20 0.15756 0.48578 0.15756 1304094 1217757 1591477
0.6 25 0.15756 0.48578 0.15756 1194815 843435 1425447
0.6 50 0.15756 0.48578 0.15756 1890936 1780450 2340727
0.6 100 0.15756 0.48578 0.15756 3448602 3352607 4520857
0.7 5 0.1351 0.34687 0.1351 196822 185954 336891
0.7 10 0.15502 0.48844 0.15502 367682 347155 665329
0.7 20 0.15536 0.48592 0.15536 983504 678007 1078896
0.7 25 0.15536 0.48592 0.15536 898375 848265 1276925
0.7 50 0.15536 0.48592 0.15536 1791921 1660908 2422233
0.7 100 0.15536 0.48592 0.15536 3560296 3304911 4587270
0.9 5 0.31462 0.33387 0.31462 195614 198029 364060
0.9 10 0.27772 0.49739 0.27772 415378 348966 669556
0.9 20 0.27587 0.49346 0.27587 759514 678008 1151345
0.9 25 0.27587 0.49346 0.27587 946675 842227 1377147
0.9 50 0.27587 0.49346 0.27587 2390234 1672379 2570151
0.9 100 0.27587 0.49346 0.27587 3583239 3303703 4828165
0.4 5 0.04211 0.10476 0.04211 345947 230028 344136
0.4 10 0.03548 0.09955 0.03548 377946 347758 612199
0.4 20 0.03532 0.09936 0.03532 748646 675593 1075877
0.4 25 0.03532 0.09936 0.03532 901395 839208 1314357
0.4 50 0.03532 0.09936 0.03532 2004440 1660304 2399291
0.4 100 0.03532 0.09936 0.03532 3534334 3306118 4684473
0.6 5 0.03291 0.05546 0.03291 208292 207086 347154
0.6 10 0.03115 0.0515 0.03115 415378 347759 607973
0.6 20 0.03111 0.05137 0.03111 947279 676801 1078292
0.6 25 0.03111 0.05137 0.03111 891734 839812 1316772
0.6 50 0.03111 0.05137 0.03111 2256806 1662115 2442156
0.6 100 0.03111 0.05137 0.03111 3447999 3437735 4866804
0.7 5 0.03336 0.05612 0.03336 194407 184143 342324
0.7 10 0.03111 0.05153 0.03111 638161 376738 627897
0.7 20 0.03107 0.05137 0.03107 718459 679215 1109687
0.7 25 0.03107 0.05137 0.03107 932186 842227 1313754
0.7 50 0.03107 0.05137 0.03107 3172086 1819089 2419214
0.7 100 0.03107 0.05137 0.03107 3883300 3345966 4619269
0.9 5 0.03649 0.05825 0.03649 336287 248140 404510
0.9 10 0.03257 0.05159 0.03257 418397 350173 630312
0.9 20 0.03249 0.05138 0.03249 867585 680423 1128403
0.9 25 0.03249 0.05138 0.03249 1589666 1449597 1904218
0.9 50 0.03249 0.05138 0.03249 1787695 1699548 2439741
0.9 100 0.03249 0.05138 0.03249 3496298 3425660 4543196
0.4 5 0.32859 1.21897 0.32859 354400 328438 490846
0.4 10 0.33346 0.69443 0.33346 646613 415378 612200
0.4 20 0.33398 0.67008 0.33398 1351185 1168251 1644003
0.4 25 0.33398 0.67005 0.33398 880866 839209 1305301
0.4 50 0.33398 0.67005 0.33398 2082324 1713434 2433704
0.4 100 0.33398 0.67005 0.33398 3572975 3309137 4573987
0.6 5 0.34244 0.64211 0.34244 356815 323608 496280
0.6 10 0.33714 0.24698 0.33714 378550 348362 615218
0.6 20 0.33783 0.24493 0.33783 730534 676197 1090367
0.6 25 0.33783 0.24493 0.33783 908639 876037 1325224
0.6 50 0.33783 0.24493 0.33783 1781053 1662116 2515210
0.6 100 0.33783 0.24493 0.33783 6090599 5495909 5219997
0.7 5 0.40073 0.24 0.40073 203463 211916 484205
0.7 10 0.35198 0.30884 0.35198 374927 350777 615822
0.7 20 0.35076 0.30811 0.35076 711818 676800 1119346
0.7 25 0.35075 0.30811 0.35075 1136252 1157987 1332469
0.7 50 0.35075 0.30811 0.35075 1747243 1660304 2469929
0.7 100 0.35075 0.30811 0.35075 3542787 3301288 5989170
0.9 5 0.05452 0.27238 0.05452 344136 330854 334476
0.9 10 0.05045 0.31123 0.05045 423227 349569 595898
0.9 20 0.05032 0.31011 0.05032 854302 678008 1044482
0.9 50 0.05032 0.3101 0.05032 2044288 1740602 2379970
0.9 100 0.05032 0.3101 0.05032 3457055 3303703 4577609
0.4 5 0.03811 0.11005 0.03811 233047 185954 362852
0.4 10 0.03883 0.11129 0.03883 392435 492054 624274
0.4 20 0.03882 0.11112 0.03882 749854 676196 1110894
0.4 25 0.03882 0.11112 0.03882 1229832 1337904 1867993
0.4 50 0.03882 0.11112 0.03882 1784072 1662115 2462080
0.4 100 0.03882 0.11112 0.03882 3779456 3333288 4610816
0.6 5 0.12773 0.06099 0.12773 374323 313948 467903
0.6 10 0.15682 0.05922 0.15682 462471 431075 645406
0.6 20 0.15756 0.05918 0.15756 789097 678612 1129007
0.6 25 0.15756 0.05918 0.15756 993767 844642 1447785
0.6 50 0.15756 0.05918 0.15756 1741207 1660908 2524266
0.6 100 0.15756 0.05918 0.15756 3551240 3586861 4642211
0.7 5 0.1351 0.1174 0.1351 235461 184746 361040
0.7 10 0.15502 0.16722 0.15502 408737 380361 630915
0.7 20 0.15536 0.16885 0.15536 736571 677404 1095197
0.7 25 0.15536 0.16885 0.15536 1651852 1386807 1887313
0.7 50 0.15536 0.16885 0.15536 2300880 1719472 2366688
0.7 100 0.15536 0.16885 0.15536 3533127 3340532 4727338
0.9 5 0.03841 0.1058 0.03841 232442 222179 362248
0.9 10 0.0353 0.11112 0.0353 435906 347155 644198
0.9 20 0.03521 0.11073 0.03521 770381 678008 1089763
0.9 25 0.03521 0.11073 0.03521 1593288 1458653 2012289
0.9 50 0.03521 0.11073 0.03521 2038854 1688077 2454835
0.9 100 0.03521 0.11073 0.03521 3533127 3373738 5079927
0.4 5 0.0475 0.03875 0.0475 353796 332061 377342
0.4 10 0.04652 0.03829 0.04652 405718 380361 636953
0.4 20 0.04651 0.03827 0.04651 734760 676196 1115120
0.4 25 0.04651 0.03827 0.04651 890527 847660 1357223
0.4 50 0.04651 0.03827 0.04651 1792525 1669361 2469929
0.4 100 0.04651 0.03827 0.04651 3563918 3347174 4657305
0.6 5 0.02495 0.05005 0.02495 223386 210104 360437
0.6 10 0.02461 0.04785 0.02461 389417 425642 607369
0.6 20 0.02456 0.04776 0.02456 1106065 738986 1082518
0.6 25 0.02456 0.04776 0.02456 947883 854906 1289000
0.6 50 0.02456 0.04776 0.02456 2265259 1676001 2398083
0.6 100 0.02456 0.04776 0.02456 3494488 3307326 4732772
0.7 5 0.02425 0.04853 0.02425 248744 204670 345343
0.7 10 0.02427 0.0476 0.02427 401492 391831 610388
0.7 20 0.0243 0.0475 0.0243 792116 675593 1042672
0.7 25 0.0243 0.0475 0.0243 929770 937015 1298660
0.7 50 0.0243 0.0475 0.0243 1790714 1668757 2349783
0.7 100 0.0243 0.0475 0.0243 3758325 3333891 4366298
0.9 5 0.06478 0.03766 0.06478 335080 313948 364059
0.9 10 0.05368 0.0346 0.05368 601332 388813 639972
0.9 20 0.05348 0.03455 0.05348 774003 676197 1100631
0.9 25 0.05348 0.03455 0.05348 1034218 841019 1420617
0.9 50 0.05348 0.03455 0.05348 1793128 1733358 2471741
0.9 100 0.05348 0.03455 0.05348 3807832 3810247 4695944
0.4 5 0.19634 0.17724 0.19634 342325 292817 344739
0.4 10 0.60941 0.16833 0.60941 650839 615821 919507
0.4 20 0.6462 0.16819 0.6462 788494 676800 1080104
0.4 25 0.64624 0.16819 0.64624 912866 842227 1344545
0.4 50 0.64624 0.16819 0.64624 2095002 1665134 2550831
0.4 100 0.64624 0.16819 0.64624 3522863 3303703 4871634
0.6 5 0.06583 0.5175 0.06583 220971 215537 351985
0.6 10 0.06391 0.53945 0.06391 394247 348965 625482
0.6 20 0.06393 0.53832 0.06393 920111 677404 1097612
0.6 25 0.06393 0.53832 0.06393 1029389 840416 1316772
0.6 50 0.06393 0.53832 0.06393 1782261 1664530 2413177
0.6 100 0.06393 0.53832 0.06393 3499317 3560900 4741829
0.7 5 0.17755 0.38312 0.17755 226405 184143 363455
0.7 10 2.9046 0.18935 2.9046 422623 578390 639368
0.7 20 7.42334 0.18891 7.42334 917092 674989 1117535
0.7 25 7.43415 0.18891 7.43415 967807 838605 1333074
0.7 50 7.4345 0.18891 7.4345 2021345 1657889 2453024
0.7 100 7.4345 0.18891 7.4345 4126007 3297666 4673606
0.9 5 0.05398 0.32328 0.05398 244517 197425 370701
0.9 10 0.04522 0.44717 0.04522 519222 372512 644801
0.9 20 0.0451 0.45533 0.0451 1131421 677404 1139270
0.9 25 0.0451 0.45533 0.0451 1223191 841019 1325828
0.9 50 0.0451 0.45534 0.0451 1906633 1660908 2478985
0.9 100 0.0451 0.45534 0.0451 3700365 3307930 4640400
0.4 5 0.20939 0.09555 0.20939 246329 198633 408737
0.4 10 0.19169 0.08389 0.19169 443754 358022 615822
0.4 20 0.1917 0.08361 0.1917 1331262 1983913 2801989
0.4 25 0.1917 0.08361 0.1917 1281755 850075 1325225
0.4 50 0.1917 0.08361 0.1917 1898784 1694718 2459666
0.4 100 0.1917 0.08361 0.1917 3452225 3915903 4531121
0.6 5 0.02262 0.04144 0.02262 350777 310930 392436
0.6 10 0.02123 0.04118 0.02123 371908 347758 636953
0.6 20 0.0212 0.04115 0.0212 736571 675593 1145308
0.6 25 0.0212 0.04115 0.0212 972637 842831 1372920
0.6 50 0.0212 0.04115 0.0212 1761733 1662115 2634148
0.6 100 0.0212 0.04115 0.0212 3481205 3499318 4850503
0.7 5 0.03048 0.04491 0.03048 234254 195614 373720
0.7 10 0.02852 0.04341 0.02852 443150 364059 626085
0.7 20 0.0285 0.04332 0.0285 735364 687668 1130818
0.7 25 0.0285 0.04332 0.0285 900186 859132 1368090
0.7 50 0.0285 0.04332 0.0285 1802185 1662719 2452420
0.7 100 0.0285 0.04332 0.0285 3597728 3305515 4784091
0.9 5 0.02854 0.05015 0.02854 249348 205878 504733
0.9 10 0.02715 0.04903 0.02715 371304 348362 650236
0.9 20 0.02711 0.04888 0.02711 782456 681630 1151949
0.9 25 0.02711 0.04888 0.02711 952713 844038 1330055
0.9 50 0.02711 0.04888 0.02711 2047306 1697132 2512795
0.9 100 0.02711 0.04888 0.02711 3565126 3330872 4600552
0.4 5 0.14951 0.1333 0.14951 257196 208292 368286
0.4 10 0.15814 0.14007 0.15814 420208 347758 644801
0.4 20 0.15885 0.14023 0.15885 763136 678008 1155571
0.4 25 0.15885 0.14023 0.15885 962373 847057 1365676
0.4 50 0.15885 0.14023 0.15885 1785280 1662719 2614224
0.4 100 0.15885 0.14023 0.15885 5533944 4656700 4825146
0.6 5 0.19385 0.11953 0.19385 225802 201048 376738
0.6 10 0.21314 0.11353 0.21314 393643 347758 664726
0.6 20 0.21294 0.1132 0.21294 802379 675593 1149534
0.6 25 0.21294 0.1132 0.21294 970825 842227 1398882
0.6 50 0.21294 0.1132 0.21294 1807015 1720075 2484418
0.6 100 0.21294 0.1132 0.21294 3639990 3297666 4770808
0.7 5 0.15208 0.13366 0.15208 256592 184143 358022
0.7 10 0.16435 0.14075 0.16435 443150 361645 627897
0.7 20 0.16489 0.14099 0.16489 731741 684045 1088555
0.7 25 0.16489 0.14099 0.16489 883886 840416 1304697
0.7 50 0.16489 0.14099 0.16489 2105870 2591886 3256611
0.7 100 0.16489 0.14099 0.16489 3453433 3454640 4583647
0.9 5 0.23231 0.12513 0.23231 240895 211311 372512
0.9 10 0.21656 0.14469 0.21656 369493 355003 640576
0.9 20 0.21594 0.14481 0.21594 735968 674385 1107876
0.9 25 0.21594 0.14481 0.21594 955731 864566 1313150
0.9 50 0.21594 0.14481 0.21594 1861955 1665134 2396272
0.9 100 0.21594 0.14481 0.21594 3531920 3340532 4491878
0.4 5 0.25747 0.1333 0.25747 222179 184746 342929
0.4 10 0.25936 0.14007 0.25936 452811 358625 595294
0.4 20 0.25885 0.14023 0.25885 979881 677404 1044482
0.4 25 0.25885 0.14023 0.25885 958750 906828 1253379
0.4 50 0.25885 0.14023 0.25885 2493475 1660908 2413176
0.4 100 0.25885 0.14023 0.25885 3735986 4348186 4864390
0.6 5 0.19386 0.24517 0.19386 351985 308515 501110
0.6 10 0.21314 0.30811 0.21314 389417 476356 790909
0.6 20 0.21295 0.30745 0.21295 806606 679215 1100027
0.6 25 0.21295 0.30744 0.21295 1024559 1138667 1325828
0.6 50 0.21295 0.30744 0.21295 3119561 2917909 3690101
0.6 100 0.21295 0.30744 0.21295 3774626 3329664 4562516
0.7 5 0.34262 0.13366 0.34262 360437 330249 478167
0.7 10 0.29369 0.14075 0.29369 446169 374323 626085
0.7 20 0.25946 0.14099 0.25946 810832 675593 1118139
0.7 25 0.25946 0.14099 0.25946 1597514 1500915 2056362
0.7 50 0.25946 0.14099 0.25946 1833580 1687473 2403516
0.7 100 0.25946 0.14099 0.25946 3518637 3327853 4706208
0.9 5 0.15057 0.27239 0.15057 257800 304288 475753
0.9 10 0.16385 0.31123 0.16385 373115 369493 644198
0.9 20 0.16502 0.31011 0.16502 797550 682234 1127195
0.9 25 0.16503 0.3101 0.16503 936411 842830 1333074
0.9 50 0.16503 0.3101 0.16503 1819693 1683246 2433704
0.9 100 0.16503 0.3101 0.16503 3470941 3418415 4869219
0.4 5 0.15624 0.07241 0.15624 242706 208897 350174
0.4 10 0.16492 0.07392 0.16492 394851 361041 632727
0.4 20 0.16521 0.07396 0.16521 1257605 1138667 1665134
0.4 25 0.16521 0.07396 0.16521 1291415 978071 1351186
0.4 50 0.16521 0.07396 0.16521 1848673 1660304 2463288
0.4 100 0.16521 0.07396 0.16521 3812058 3344155 4703793
0.6 5 0.19386 0.08693 0.19386 236669 217349 364059
0.6 10 0.21314 0.1156 0.21314 647821 400284 630915
0.6 20 0.21295 0.1166 0.21295 806003 676196 1138667
0.6 25 0.21295 0.1166 0.21295 972636 841020 1387410
0.6 50 0.21295 0.1166 0.21295 1806411 1660304 2817083
0.6 100 0.21295 0.1166 0.21295 3546410 3388831 4695944
0.7 5 0.34262 0.16586 0.34262 242706 215537 355003
0.7 10 0.29369 0.38473 0.29369 469715 554240 830756
0.7 20 0.25946 0.39378 0.25946 1039652 683441 1112705
0.7 25 0.25946 0.39379 0.25946 928562 840415 1342733
0.7 50 0.25946 0.39379 0.25946 1833580 1791921 2549623
0.7 100 0.25946 0.39379 0.25946 3557277 3303100 4721301
0.9 5 0.15057 0.03766 0.15057 227613 195614 384587
0.9 10 0.16385 0.0346 0.16385 634538 601332 891734
0.9 20 0.16502 0.03455 0.16502 721477 687668 1131422
0.9 25 0.16503 0.03455 0.16503 981692 839208 1429069
0.9 50 0.16503 0.03455 0.16503 1852295 1666341 2523059
0.9 100 0.16503 0.03455 0.16503 3610407 3353814 4823938
0.4 5 0.04661 0.04482 0.04661 4819712 3713044 4048727
0.4 5 0.04661 0.04482 0.04661 4855937 4790128 6566956
